C001(C006 C007 C011 C012):(8 32 14 13 3 79 91 5 6 39 7 22 95 93 64 55 28)
C002(C012):(2 13 3 79 91 30 6)
C003(C012):(8 29 30 1 6 39 7)
C004(C011 C012):(2 8 32 13 3 79 1 6 39 7 17 22 95)
C005(C012):(2 32 79 30 1 5 6 39 7)
C006(C012):(8 29 32 3 91 1 6 7)
C007(C012):(8 29 14 13 3 79 91 5)
C008(C012):(2 14 13 91 5 6 7)
C009(C007 C002 C011 C012):(2 8 29 32 14 13 3 79 91 30 1 5 6 39 17 78 22 93 64 99 46 51 88)
C010(C012):(2 8 32 13 3 30 5 39 7)
C011(C006 C012):(8 29 32 13 79 1 6 39 7 55 28)
C012(C008 C003 C002):(84 99 46 51 93 88 64)
